0.0000000000000000000 0.0000000000000000000 0.0000000000000000000 0.0000000000000000000 -0.7071067811865474617 0.0000000000000000000 0.0000000000000000000 0.7071067811865475727
0.0000000010000000000 -0.0086923710378385491 0.6742680133031088152 0.0038370515143427105 -0.7063121152637860112 -0.0002816314092674625 0.0019586128646884677 0.7078977894802270798
0.0000000020000000000 -0.0201613696978409571 1.3706253209639021051 0.0086354255993605512 -0.7057655542431300333 -0.0023326817315143791 0.0028744502937619607 0.7084357970736202548
0.0000000030000000000 -0.0387856969953147696 2.0797740601759677759 0.0116748727463874720 -0.7052661392475256807 -0.0036544965301831332 0.0043313923496318529 0.7089199930361071988
0.0000000040000000000 -0.0502275327884520173 2.8109025837499177491 0.0155697332751916877 -0.7049144293305198428 -0.0060733661076240670 0.0054659339472925058 0.7092452926257841739
0.0000000050000000000 -0.0502275327884520173 2.8109025837499177491 0.0155697332751916877 -0.7049144293305198428 -0.0060733661076240670 0.0054659339472925058 0.7092452926257841739
0.0000000060000000000 -0.0713468177610959570 3.5608677832688035991 0.0244067841685101580 -0.7044286479395981404 -0.0083103146112787386 0.0063774604196106402 0.7096975036109735013
0.0000000070000000000 -0.1037215972298868860 4.3382518698912138078 0.0369456955858372335 -0.7041912403255082831 -0.0107690925024505908 0.0072993801610743521 0.7098911485183908576
0.0000000080000000000 -0.1312419542761708302 5.1217273237514024942 0.0431393788000196537 -0.7046405031890953241 -0.0126191191037594713 0.0085677680170101016 0.7094005303421124786
0.0000000090000000000 -0.1590837792289999109 5.9186986628205779937 0.0557019043182226462 -0.7056111902102875089 -0.0139187959949816330 0.0105006267852180198 0.7083846781270675130
0.0000000100000000000 -0.1859237416914080177 6.7324074568071425873 0.0728305110483206397 -0.7065957813095337103 -0.0154158514316990181 0.0116831949480306722 0.7073529927242916404
0.0000000110000000000 -0.1859237416914080177 6.7324074568071425873 0.0728305110483206397 -0.7065957813095337103 -0.0154158514316990181 0.0116831949480306722 0.7073529927242916404
0.0000000120000000000 -0.2255733500480917031 7.5546040006433736735 0.0781025932181610150 -0.7064657573843073912 -0.0161815400082594187 0.0124862992717935661 0.7074520363507856846
0.0000000130000000000 -0.2655943386674356477 8.3783177215029329687 0.0820973305609756371 -0.7063104606754641024 -0.0157004027692707535 0.0140764691526301822 0.7075880747366305457
0.0000000140000000000 -0.3037450659289334109 9.2156217111844505041 0.0908592167050027710 -0.7065932077106521492 -0.0163598884543467958 0.0149398365438808134 0.7072730690129340747
0.0000000150000000000 -0.3037450659289334109 9.2156217111844505041 0.0908592167050027710 -0.7065932077106521492 -0.0163598884543467958 0.0149398365438808134 0.7072730690129340747
0.0000000160000000000 -0.3498376123916990821 10.0736974388756621579 0.0991173018204709044 -0.7056676075285225336 -0.0178966180492051395 0.0147310711782395708 0.7081637764594527207
0.0000000170000000000 -0.3992649786837352277 10.9400099447310772405 0.1116078848565756898 -0.7047322167754749289 -0.0186799060964529459 0.0148830056959364486 0.7090712657331472712
0.0000000180000000000 -0.4534799494377970697 11.8156755391538652589 0.1206528049941490432 -0.7041174571235619961 -0.0206821209661548142 0.0140310714926908300 0.7096435622754265760
0.0000000190000000000 -0.4534799494377970697 11.8156755391538652589 0.1206528049941490432 -0.7041174571235619961 -0.0206821209661548142 0.0140310714926908300 0.7096435622754265760
0.0000000200000000000 -0.5015175350364767803 12.7054240895646124443 0.1371014757577525278 -0.7046431109291028116 -0.0210053671421818744 0.0147832063013388013 0.7090968323034805287
0.0000000210000000000 -0.5519440001871143142 13.5968911837064858616 0.1530380709680757567 -0.7051358550598885166 -0.0219364231663393139 0.0148482848792632870 0.7085772700868773200
0.0000000220000000000 -0.6105718005986011665 14.5041467796474918828 0.1692760800242498753 -0.7051985992084499610 -0.0221281216555308628 0.0152658746476245413 0.7084999893985044483
0.0000000230000000000 -0.6105718005986011665 14.5041467796474918828 0.1692760800242498753 -0.7051985992084499610 -0.0221281216555308628 0.0152658746476245413 0.7084999893985044483
0.0000000240000000000 -0.6625107032643091642 15.4228263441190858174 0.1830004814588407358 -0.7049536496894865945 -0.0221234337812987666 0.0161285538746717694 0.7087247527899029897
0.0000000250000000000 -0.7206002478244748488 16.3494926568806135947 0.1998086905679599956 -0.7055648105449023877 -0.0226385231779213728 0.0159077070913811666 0.7081050347541341106
0.0000000260000000000 -0.7814082331901789358 17.2765081983218919959 0.2144543425449814411 -0.7067704091071909112 -0.0231194629071805741 0.0152767782237716275 0.7069000631577557758
0.0000000270000000000 -0.7814082331901789358 17.2765081983218919959 0.2144543425449814411 -0.7067704091071909112 -0.0231194629071805741 0.0152767782237716275 0.7069000631577557758
0.0000000280000000000 -0.8338319629408283973 18.2185196036162970756 0.2272683883233528879 -0.7078259180531419892 -0.0222902493916188604 0.0150612389582529954 0.7058744743899785234
0.0000000290000000000 -0.8802310572773596187 19.1550774496174227579 0.2345594076889341295 -0.7080778871369545202 -0.0217762207436355132 0.0145685720559619435 0.7056481124937847849
0.0000000300000000000 -0.9293520296848474249 20.0938388282114104300 0.2468243107014017612 -0.7071107911154822512 -0.0214660843935807269 0.0138701690401190729 0.7066407536504265563
0.0000000310000000000 -0.9794642780571776175 21.0452191125002663341 0.2592635044927823484 -0.7054156391005529381 -0.0214739012457456774 0.0132888844207771865 0.7083438806317858827
0.0000000320000000000 -0.9794642780571776175 21.0452191125002663341 0.2592635044927823484 -0.7054156391005529381 -0.0214739012457456774 0.0132888844207771865 0.7083438806317858827
0.0000000330000000000 -1.0279663620754304620 22.0190024179626924195 0.2720466537270035401 -0.7058685884752743389 -0.0203340383892259176 0.0139236580574046646 0.7079139738930215753
0.0000000340000000000 -1.0797588445293968551 22.9981427188317759658 0.2837410374123915391 -0.7076019282124843546 -0.0197787150052607767 0.0145902821919267345 0.7061837135535445897
0.0000000350000000000 -1.1322574232248101556 23.9834499869064821098 0.3035591843399994549 -0.7088910908195124039 -0.0187210443480065533 0.0161427786678029622 0.7048846391801456557
0.0000000360000000000 -1.1322574232248101556 23.9834499869064821098 0.3035591843399994549 -0.7088910908195124039 -0.0187210443480065533 0.0161427786678029622 0.7048846391801456557
0.0000000370000000000 -1.1817555435755575655 24.9657024895808525855 0.3078262681510509080 -0.7075273447795795700 -0.0184474518462043498 0.0173823758376183309 0.7062312658894248640
0.0000000380000000000 -1.2358790395103711468 25.9510080129661062642 0.3172804671942264232 -0.7060842711897149515 -0.0192495808415736290 0.0176597197402005336 0.7076458082364442959
0.0000000390000000000 -1.2913134438901856527 26.9291315209309729539 0.3276400135635077482 -0.7058774097973605777 -0.0202542755884970067 0.0181936311782549959 0.7078105950342252761
0.0000000400000000000 -1.3517931514659768943 27.9247988144917620446 0.3384948740737981909 -0.7063365806932908608 -0.0206124772164254511 0.0183399823952431380 0.7073382540222569181
0.0000000410000000000 -1.4142420552273773371 28.9039765112327060592 0.3478922991435968726 -0.7071861262826042438 -0.0221997087656248121 0.0175383103594538327 0.7064611549079407027
0.0000000420000000000 -1.4142420552273773371 28.9039765112327060592 0.3478922991435968726 -0.7071861262826042438 -0.0221997087656248121 0.0175383103594538327 0.7064611549079407027
0.0000000430000000000 -1.4707789206945922622 29.8832343945855676282 0.3552634546319392017 -0.7080328065403309612 -0.0229734032472212746 0.0174925621578895032 0.7055889581583708603
0.0000000440000000000 -1.5276977119707619845 30.8828583862034378171 0.3656256030933073831 -0.7091553440985195467 -0.0227955301193380026 0.0176098185329895303 0.7044635945414949862
0.0000000450000000000 -1.5986603682593734099 31.8726274427131919253 0.3784911945495572083 -0.7099235817598142928 -0.0251985925509561164 0.0155695563902368776 0.7036555463496172447
0.0000000460000000000 -1.5986603682593734099 31.8726274427131919253 0.3784911945495572083 -0.7099235817598142928 -0.0251985925509561164 0.0155695563902368776 0.7036555463496172447
0.0000000470000000000 -1.6604761568359123203 32.8679514534489527477 0.3798448597789884085 -0.7093046560134783629 -0.0251641526962820862 0.0155422077345039357 0.7042812720464862730
0.0000000480000000000 -1.7309457972051793817 33.8662063324833724209 0.3807222511418162925 -0.7084656599245257036 -0.0258386412852600854 0.0147696972886207003 0.7051174578509883384
0.0000000490000000000 -1.7918358671126080051 34.8656212566073264725 0.3888130568706456569 -0.7084864848128509252 -0.0259645412166175441 0.0154034211282480307 0.7050783488765530738
0.0000000500000000000 -1.7918358671126080051 34.8656212566073264725 0.3888130568706456569 -0.7084864848128509252 -0.0259645412166175441 0.0154034211282480307 0.7050783488765530738
0.0000000510000000000 -1.8554442916235291960 35.8600420069159966374 0.3980109014350768359 -0.7087705225143177135 -0.0265454254359061975 0.0154925720490929255 0.7047692296166961912
0.0000000520000000000 -1.9227525630719941585 36.8387879710801939837 0.4123957836416902722 -0.7074808224572981530 -0.0277225005424254038 0.0145760558356673696 0.7060381628602631077
0.0000000530000000000 -1.9880075569833863813 37.8097579428070602603 0.4183866944908640750 -0.7059546055840466572 -0.0280623879138510966 0.0149185252395933766 0.7075436628533400274
0.0000000540000000000 -1.9880075569833863813 37.8097579428070602603 0.4183866944908640750 -0.7059546055840466572 -0.0280623879138510966 0.0149185252395933766 0.7075436628533400274
0.0000000550000000000 -2.0535443156397374942 38.7958981293369049581 0.4303019661474130064 -0.7071846619451298555 -0.0276159893865166005 0.0154526910766091714 0.7063203418975323444
0.0000000560000000000 -2.1200397035047786609 39.7731086475386774737 0.4442141864833922260 -0.7083070232823254209 -0.0269002177227937109 0.0162537263780085789 0.7052044777468632342
0.0000000570000000000 -2.1762613846405662876 40.7345856815485589664 0.4560332367399667630 -0.7086083020683983102 -0.0261992031860480840 0.0172067874923225797 0.7049055273271387367
0.0000000580000000000 -2.1762613846405662876 40.7345856815485589664 0.4560332367399667630 -0.7086083020683983102 -0.0261992031860480840 0.0172067874923225797 0.7049055273271387367
0.0000000590000000000 -2.2333177741782024306 41.6945618453914335078 0.4622962396142311081 -0.7081165255571412187 -0.0254889881128957420 0.0183081719991145669 0.7053978370791293973
0.0000000600000000000 -2.2960352834349104789 42.6492895747788054450 0.4716255831701421930 -0.7085661492828535524 -0.0253532784986918724 0.0192127065673645646 0.7049270141413171986
0.0000000610000000000 -2.3555900299262249042 43.6039461983667635536 0.4779067400196864712 -0.7099702864728509866 -0.0247115575893802480 0.0206779755075267128 0.7034941027301326866
0.0000000620000000000 -2.3555900299262249042 43.6039461983667635536 0.4779067400196864712 -0.7099702864728509866 -0.0247115575893802480 0.0206779755075267128 0.7034941027301326866
0.0000000630000000000 -2.4223143201783172707 44.5548867011667866223 0.4837394808876777086 -0.7107219028933146054 -0.0254978412573595124 0.0203087312801567554 0.7027174341602110408
0.0000000640000000000 -2.4913179363680191258 45.4977004465765446639 0.4880120064518134182 -0.7093016908683218436 -0.0263970690627283941 0.0204974914216028599 0.7041123198195429200
0.0000000650000000000 -2.5569949303286230169 46.4166652333677305364 0.4965605630068830045 -0.7065987562002963296 -0.0274897941891000148 0.0204620448918645427 0.7067841351293040475
0.0000000660000000000 -2.5569949303286230169 46.4166652333677305364 0.4965605630068830045 -0.7065987562002963296 -0.0274897941891000148 0.0204620448918645427 0.7067841351293040475
0.0000000670000000000 -2.6283090505501114365 47.3230981785798761052 0.5071000340739600931 -0.7068678518723483517 -0.0294212644240388205 0.0193160004990630442 0.7064694765619974337
0.0000000680000000000 -2.7021010706456398687 48.2111195697465007015 0.5226651694832641359 -0.7077311199256425267 -0.0306040791513228286 0.0187353173109375444 0.7055700107808959842
0.0000000690000000000 -2.7766482530751148694 49.1210560075822115778 0.5334877967935115484 -0.7081976492960886382 -0.0318530544232257795 0.0182461626120376946 0.7050592528329375774
0.0000000700000000000 -2.7766482530751148694 49.1210560075822115778 0.5334877967935115484 -0.7081976492960886382 -0.0318530544232257795 0.0182461626120376946 0.7050592528329375774
0.0000000710000000000 -2.8452286145065506240 49.9644397973351672704 0.5381913814970264998 -0.7084142219588996925 -0.0327702618319492961 0.0184283004602243151 0.7047948622173546562
0.0000000720000000000 -2.9081738189597401423 50.8039321377718309236 0.5501496779400422144 -0.7086432161447402400 -0.0336201103395464065 0.0186567410068007034 0.7045185635650779155
0.0000000730000000000 -2.9739482220588397965 51.6292019208501429262 0.5624398765498698216 -0.7088412478774289704 -0.0340962369104401211 0.0192090927818039624 0.7042815791220272681
0.0000000740000000000 -2.9739482220588397965 51.6292019208501429262 0.5624398765498698216 -0.7088412478774289704 -0.0340962369104401211 0.0192090927818039624 0.7042815791220272681
0.0000000750000000000 -3.0460099600035155376 52.4288910678753623529 0.5724988154193485501 -0.7097187112714951063 -0.0356647871028344457 0.0185532267631102581 0.7033371535819177289
0.0000000760000000000 -3.1121118223803767577 53.2197543801216994552 0.5738916013403830840 -0.7110036598007403175 -0.0366414523269911543 0.0185159055769029968 0.7019888609956635994
0.0000000770000000000 -3.1849974036951946843 54.0003069040802330392 0.5805686274012791248 -0.7115598746879571168 -0.0384030386219138542 0.0179336093734797676 0.7013459467434753902
0.0000000780000000000 -3.1849974036951946843 54.0003069040802330392 0.5805686274012791248 -0.7115598746879571168 -0.0384030386219138542 0.0179336093734797676 0.7013459467434753902
0.0000000790000000000 -3.2492203875776932698 54.7301590215486157831 0.5783880893722446181 -0.7089102963620340647 -0.0390672180370431887 0.0183341015113981688 0.7039771337966231890
0.0000000800000000000 -3.3138263025124379269 55.4433877399629437832 0.5833414101207599067 -0.7068744434075396876 -0.0395008046483088932 0.0189362726298101594 0.7059813207644423105
0.0000000810000000000 -3.3859160285041909333 56.1400499230112046689 0.5898641753869511284 -0.7064450403175475124 -0.0400999096985236170 0.0185439799229671458 0.7063876577783089195
0.0000000820000000000 -3.4628998287958578928 56.8118741362390409222 0.6005295802968441121 -0.7076124494255129349 -0.0411539494699270023 0.0177277053534674635 0.7051784896917610013
0.0000000830000000000 -3.4628998287958578928 56.8118741362390409222 0.6005295802968441121 -0.7076124494255129349 -0.0411539494699270023 0.0177277053534674635 0.7051784896917610013
0.0000000840000000000 -3.5227835474735074150 57.4516889702401982731 0.6176645828563099849 -0.7065472692107188646 -0.0405755242901170571 0.0189607132653057987 0.7062471766682885121
0.0000000850000000000 -3.5694149427159111987 58.0695492190473103733 0.6243701391755600572 -0.7048366570048752999 -0.0377991160819472760 0.0217228981601339730 0.7080286925408739718
0.0000000860000000000 -3.6229938171695610372 58.6699319867344328827 0.6317454632010357507 -0.7031150976809615871 -0.0361254698692744652 0.0224791548021441093 0.7098019424030882485
0.0000000870000000000 -3.6229938171695610372 58.6699319867344328827 0.6317454632010357507 -0.7031150976809615871 -0.0361254698692744652 0.0224791548021441093 0.7098019424030882485
0.0000000880000000000 -3.6793232340421346827 59.2504191215369147017 0.6414162024437912724 -0.7041193082892722721 -0.0363729072037709059 0.0193562025871682648 0.7088852860210789197
0.0000000890000000000 -3.7123999829739107170 59.8137944502774416833 0.6530882075753636773 -0.7053293044062614037 -0.0342531055427932538 0.0184289943071459066 0.7078118883398898387
0.0000000900000000000 -3.7414197279449523670 60.3584473647945927155 0.6639387702432211213 -0.7069435450669411258 -0.0309572592681365347 0.0177112889321993060 0.7063701454840450866
0.0000000910000000000 -3.7414197279449523670 60.3584473647945927155 0.6639387702432211213 -0.7069435450669411258 -0.0309572592681365347 0.0177112889321993060 0.7063701454840450866
0.0000000920000000000 -3.7716983190396478065 60.8765568326249635334 0.6732707424815401742 -0.7069337589461668347 -0.0284421991141675726 0.0126055954771899532 0.7065952170333862359
0.0000000930000000000 -3.7995707900235924370 61.3834281196417848037 0.6765024749273091942 -0.7066664774127485726 -0.0249314449269556794 0.0052634838763488149 0.7070878364760595503
0.0000000940000000000 -3.8098620027945129252 61.8812170683890059308 0.6875997384606378215 -0.7069093731110743795 -0.0203391627725199725 -0.0029074657808547955 0.7070056600255429924
0.0000000950000000000 -3.8098620027945129252 61.8812170683890059308 0.6875997384606378215 -0.7069093731110743795 -0.0203391627725199725 -0.0029074657808547955 0.7070056600255429924
0.0000000960000000000 -3.7881800424688902851 62.3560106818567092546 0.6973150885310683833 -0.7072457501168426530 -0.0098841737492867034 -0.0110266346033182309 0.7068126805457604078
0.0000000970000000000 -3.7518812903490554866 62.8176837810184878208 0.7053530773984078017 -0.7076574460705865599 0.0007791942984877243 -0.0212241954213366196 0.7062364090060896382
0.0000000980000000000 -3.7023975240527171593 63.2722391427816788223 0.7140585220495444529 -0.7078277213361551246 0.0127277807035697400 -0.0327688720528965388 0.7055098309242819887
0.0000000990000000000 -3.7023975240527171593 63.2722391427816788223 0.7140585220495444529 -0.7078277213361551246 0.0127277807035697400 -0.0327688720528965388 0.7055098309242819887
0.0000001000000000000 -3.6272283238336764377 63.7135828406217612496 0.7192168707342085909 -0.7070579423640395156 0.0273231852479166384 -0.0478271130221026436 0.7050071467352720944
0.0000001010000000000 -3.5344771980895246521 64.1402787243912939630 0.7326604404181950025 -0.7060173127319254727 0.0436517289578685769 -0.0639787481993906448 0.7039465892101602895
0.0000001020000000000 -3.4227885836167368794 64.5543547718104804289 0.7422808575765517114 -0.7036807958854187639 0.0605102598295991848 -0.0825479149832251957 0.7031057443154193898
0.0000001030000000000 -3.4227885836167368794 64.5543547718104804289 0.7422808575765517114 -0.7036807958854187639 0.0605102598295991848 -0.0825479149832251957 0.7031057443154193898
0.0000001040000000000 -3.2882220726396043098 64.9366846788011002900 0.7528159205019778755 -0.7005266413466101350 0.0812270579269135234 -0.1034211950406818264 0.7014047663371931751
0.0000001050000000000 -3.1314164526125187749 65.3047025308443522817 0.7595012288878818518 -0.6965152937670521238 0.1028809621579822170 -0.1254396359238584002 0.6989612656745254338
0.0000001060000000000 -2.9524944761721987341 65.6552412448343289952 0.7628459116026036213 -0.6914403072891134316 0.1254529143727723672 -0.1481733753142704391 0.6958566796254026521
0.0000001070000000000 -2.7426775245840224748 65.9885378337583432540 0.7751760278031831763 -0.6855282388684548200 0.1490357062493012918 -0.1702756780302170370 0.6919866945599721930
0.0000001080000000000 -2.7426775245840224748 65.9885378337583432540 0.7751760278031831763 -0.6855282388684548200 0.1490357062493012918 -0.1702756780302170370 0.6919866945599721930
0.0000001090000000000 -2.5161844742723031843 66.3021380406125189211 0.7854121374636059416 -0.6799171254228334460 0.1716697621285155628 -0.1922453206514596058 0.6865012250645347036
0.0000001100000000000 -2.2705548086899352001 66.5993642416510880366 0.7968822580686676371 -0.6744310842990193233 0.1930749752362289073 -0.2144457904756732480 0.6796158984426733385
0.0000001110000000000 -2.0061299755237120834 66.8744773699246621845 0.8058553767871715623 -0.6673822758814076384 0.2147383521623458802 -0.2355153126667244856 0.6730682546736607152
0.0000001120000000000 -1.7294700438990453506 67.1335237611300499339 0.8214217755627725159 -0.6593205208645566140 0.2364551020391779668 -0.2551844426712177594 0.6665330717264608129
0.0000001130000000000 -1.4308511406974384617 67.3722019043402724492 0.8336097580949854979 -0.6505628666897681489 0.2577471630387907497 -0.2728365524782570550 0.6602231229377117927
0.0000001140000000000 -1.1303154856866199918 67.5973938527684907740 0.8456990861106367108 -0.6425068810044445300 0.2754136740802036187 -0.2918279900054492337 0.6528159313627103222
0.0000001150000000000 -0.8250090542694203943 67.8180583635527369779 0.8563348500160167243 -0.6343153291583215614 0.2919054668128840957 -0.3110705135889621498 0.6447250555198094091
0.0000001160000000000 -0.8250090542694203943 67.8180583635527369779 0.8563348500160167243 -0.6343153291583215614 0.2919054668128840957 -0.3110705135889621498 0.6447250555198094091
0.0000001170000000000 -0.5041647280557102206 68.0067998955088341972 0.8684212510454336620 -0.6257746101980463660 0.3090510034499738268 -0.3236674547010963687 0.6388528729413063267
0.0000001180000000000 -0.1647691357087027741 68.1757018591789858419 0.8789084662678510185 -0.6171296713006071410 0.3275234246855495690 -0.3320422309000510830 0.6337407450855361279
0.0000001190000000000 0.1711956620761413972 68.3444477823626357349 0.8913726654492669654 -0.6109476077770948921 0.3409656281502310149 -0.3419702842210803340 0.6273290888212632588
0.0000001200000000000 0.1711956620761413972 68.3444477823626357349 0.8913726654492669654 -0.6109476077770948921 0.3409656281502310149 -0.3419702842210803340 0.6273290888212632588
0.0000001210000000000 0.4998853968510447721 68.5386184993031974955 0.9111914347835732286 -0.6058164340595392217 0.3467675973859079552 -0.3562996594270957940 0.6211193398363344942
0.0000001220000000000 0.8426415477437900758 68.7146000822137494879 0.9300778971296405073 -0.6001003230422111701 0.3540253549334255179 -0.3669001169215703184 0.6163845833177801214
0.0000001230000000000 1.2044732474019772539 68.8776755771365856162 0.9501193179819041879 -0.5944523603070949180 0.3621296817144762925 -0.3747360287307492932 0.6124225614049521038
0.0000001240000000000 1.2044732474019772539 68.8776755771365856162 0.9501193179819041879 -0.5944523603070949180 0.3621296817144762925 -0.3747360287307492932 0.6124225614049521038
0.0000001250000000000 1.5864189525483485266 69.0302708542762673005 0.9478481422485491859 -0.5867821374582323779 0.3690946815616809040 -0.3797602342245675611 0.6125667340825248219
0.0000001260000000000 1.9798256881377611638 69.1993372683125897993 0.9546834539483101123 -0.5805486373734586314 0.3742764169751151559 -0.3864471613786660265 0.6111783985077196002
0.0000001270000000000 2.3856300425423127010 69.3703412637367762272 0.9745896943609464458 -0.5775508795370558612 0.3786892377772558271 -0.3924112550742923644 0.6074889707876781619
0.0000001280000000000 2.3856300425423127010 69.3703412637367762272 0.9745896943609464458 -0.5775508795370558612 0.3786892377772558271 -0.3924112550742923644 0.6074889707876781619
0.0000001290000000000 2.8173898399707790752 69.5468125531583041266 1.0006947876268168507 -0.5757932270810139919 0.3835868885569271858 -0.3962429325844626371 0.6035849542125051315
0.0000001300000000000 3.2730887489237869836 69.7181624992186783629 1.0195618222107039053 -0.5732693111410831488 0.3885130023659921772 -0.3989617184585587117 0.6010403406602455867
0.0000001310000000000 3.7368397048993267084 69.8894207274912275807 1.0440921759749133280 -0.5703504805883851114 0.3932650090743773363 -0.4010714421982993771 0.5993201650064046149
0.0000001320000000000 3.7368397048993267084 69.8894207274912275807 1.0440921759749133280 -0.5703504805883851114 0.3932650090743773363 -0.4010714421982993771 0.5993201650064046149
0.0000001330000000000 4.2389960656351952650 70.0764786498659049130 1.0647628672022175778 -0.5681093342275502778 0.3958357693908999830 -0.4029939515475062239 0.5984661252321386016
0.0000001340000000000 4.7482073069646952845 70.2701663450255296084 1.0890858219855437117 -0.5665492717245901311 0.3978863079501194777 -0.4042841830613715381 0.5977145706610792475
0.0000001350000000000 5.2828755528859305812 70.4633260959150931058 1.1195704513723949702 -0.5648532192820240327 0.3996324775619605751 -0.4057081490131471679 0.5971897699799859627
0.0000001360000000000 5.2828755528859305812 70.4633260959150931058 1.1195704513723949702 -0.5648532192820240327 0.3996324775619605751 -0.4057081490131471679 0.5971897699799859627
0.0000001370000000000 5.8593671021147368805 70.6720112426440749687 1.1454026783955530977 -0.5635014770223937264 0.4014160622411779289 -0.4064230480926142586 0.5967843298441035671
0.0000001380000000000 6.4388550795073671296 70.8799724242116155892 1.1735229824697239742 -0.5625808989927126857 0.4027059572874758242 -0.4068008573542721829 0.5965263669860350060
0.0000001390000000000 7.0381347561832097171 71.0958138014564440255 1.2036169186804674958 -0.5618826308259157187 0.4039416939469880341 -0.4072684782744738774 0.5960297003265689897
